x
184.57
177.61
178.61
179.18
178.06
178.11
181.5
179.77
180.31
184.38
180.71
185.43
184.56
180.65
183.79
180.94
178.21
179.39
179.99
181.98
181.68
181.41
182.61
177.22
182.55
180.37
181.5
181.18
178.03
179.45
178.26
181.44
180.22
179.84
179.16
178.88
182
177.79
179.72
180.63
182.44
178.6
179.43
177.38
179.22
179.2
182.7
181.18
180.2
181.86
179.47
179.98
180.73
183.41
181.45
180.96
176.86
180.64
180.33
178.2
180.15
180.32
181.09
181.41
180.64
182.22
181.54
182.31
182.52
181.4
180.87
178.15
178.77
178.27
176.72
177.35
178.22
178.88
179.88
184.85
180.69
180.01
180.06
179.21
178.41
179.38
179.31
179.39
176.43
181.17
183.27
178.71
181.24
180.47
181.69
178.85
182.24
176.92
179.12
179.7
181.04
181.18
179.84
177.65
180.62
176.79
181.98
182.05
181.68
180.24
179.15
180.92
181.29
181.22
178.22
183.09
177.52
182.21
181.97
180.61
176.89
183.14
181.38
179.64
181.46
183.07
181.01
180.07
177.06
182.04
178.81
181.62
181.73
180.74
182.27
178.49
180.89
181.83
180.54
182.02
177.08
178.25
180.33
180.41
180.96
179.86
178.22
180.97
180.68
177.8
179.29
182.19
178.19
179.59
181.36
178.4
176.82
182.36
182.45
179.98
180.69
180.19
180.01
181.49
182.08
179.36
180.65
181.37
180.64
176.17
175.32
180.97
182.36
177.41
181.23
180.51
181.46
182.65
180.29
178.8
184.39
184.65
182.27
179.62
180.95
178.91
182.11
180.86
176.36
178.62
176.14
182.42
179.44
177.81
179.8
180.71
178.24
179.89
178.84
181.29
