y
179.9
185.46
178.86
182.18
186.28
180.49
180.82
180.41
181.29
182.35
185.07
180
179.3
181.61
179.32
181.65
180.51
176.54
182.6
181.35
184.25
184.35
185.67
183.77
184.05
181.27
185.55
185.75
180.36
179.87
182.79
184.77
187.54
185.04
185.7
184.38
179.48
177
177.59
181.64
185.88
179.99
181.81
186.74
180.86
183.41
179.78
180.85
180.19
181.83
185.66
182.47
184.56
180.52
181.72
179.69
183.88
181.72
181.84
182.58
179.16
184.14
180.55
183.24
180.1
181.15
176.74
181.25
178.82
181.3
181.49
181.44
182.87
182.08
183.03
181.61
184.43
182.3
182.47
180.59
183.25
177.64
184.44
181.94
183.69
180.22
187.97
180.82
181.81
180.7
184.32
179.34
183.39
184.25
184.47
182.96
181.13
180.65
181.54
181.85
177.01
184.84
183.69
182.52
181.86
184.23
181.43
177.09
180.12
185.2
179.62
186.06
188.5
182.35
178.62
184
178.11
183.16
182.13
181.49
184.93
184.21
178.71
177.89
184.65
182.73
181
185.11
178.58
178.4
185.37
177.05
178.9
181.74
183.83
183.14
182.72
179.32
183.62
182.75
180.01
181.93
187.45
184.39
181.24
180.95
182.25
181.43
178.46
181.02
184.37
183.88
180.71
184.02
180.46
185.1
181.15
184.99
180.89
182.47
175.45
187.62
182.23
186.07
180.72
180.35
181.9
181.7
181.95
180.79
178.4
182.36
178.91
177.62
181.91
182.83
185.93
179.33
184.29
180.51
187.45
180.29
183.88
184.44
178.84
181.31
181.53
181.04
183.85
179.08
183.67
182.92
180.71
183.13
181.53
185.35
184.04
182.21
180.37
183.82
181.72
181.26
184.47
180.06
182.69
183.03
183.53
184.34
181.08
183.85
185.05
183.57
183.32
180.82
184.06
180.93
181.64
185.55
183.22
183.51
182.53
181.92
187.06
181.07
178.05
181.7
177.51
180.81
179.79
173.25
181.05
184.44
180.6
180.43
180.67
186.74
185.49
180.13
181.24
184.92
182.76
181.71
181.85
185.68
178.3
180.29
183.15
181.55
179.1
183.02
